Algorithm changedp
[2, 0, 0, 74]
76
[0, 1, 0, 74]
75
[1, 1, 0, 74]
76
[2, 1, 0, 74]
77
[0, 2, 0, 74]
76
[1, 2, 0, 74]
77
[2, 2, 0, 74]
78
[0, 0, 1, 74]
75
[1, 0, 1, 74]
76
[2, 0, 1, 74]
77
[0, 1, 1, 74]
76
[1, 1, 1, 74]
77
[2, 1, 1, 74]
78
[0, 2, 1, 74]
77
[1, 2, 1, 74]
78
[2, 2, 1, 74]
79
[0, 0, 2, 74]
76
[1, 0, 2, 74]
77
[2, 0, 2, 74]
78
[0, 1, 2, 74]
77
[1, 1, 2, 74]
78
[2, 1, 2, 74]
79
[0, 2, 2, 74]
78
[1, 2, 2, 74]
79
[2, 2, 2, 74]
80
[0, 0, 0, 75]
75
[1, 0, 0, 75]
76
[2, 0, 0, 75]
77
[0, 1, 0, 75]
76
[1, 1, 0, 75]
77
[2, 1, 0, 75]
78
[0, 2, 0, 75]
77
[1, 2, 0, 75]
78
[2, 2, 0, 75]
79
[0, 0, 1, 75]
76
[1, 0, 1, 75]
77
[2, 0, 1, 75]
78
[0, 1, 1, 75]
77
[1, 1, 1, 75]
78
[2, 1, 1, 75]
79
[0, 2, 1, 75]
78
[1, 2, 1, 75]
79
[2, 2, 1, 75]
80
[0, 0, 2, 75]
77
[1, 0, 2, 75]
78
[2, 0, 2, 75]
79
[0, 1, 2, 75]
78
[1, 1, 2, 75]
79
[2, 1, 2, 75]
80
[0, 2, 2, 75]
79
[1, 2, 2, 75]
80
[2, 2, 2, 75]
81
[0, 0, 0, 76]
76
[1, 0, 0, 76]
77
[2, 0, 0, 76]
78
[0, 1, 0, 76]
77
[1, 1, 0, 76]
78
[2, 1, 0, 76]
79
[0, 2, 0, 76]
78
[1, 2, 0, 76]
79
[2, 2, 0, 76]
80
[0, 0, 1, 76]
77
[1, 0, 1, 76]
78
[2, 0, 1, 76]
79
[0, 1, 1, 76]
78
[1, 1, 1, 76]
79
[2, 1, 1, 76]
80
[0, 2, 1, 76]
79
[1, 2, 1, 76]
80
[2, 2, 1, 76]
81
[0, 0, 2, 76]
78
[1, 0, 2, 76]
79
[2, 0, 2, 76]
80
[0, 1, 2, 76]
79
[1, 1, 2, 76]
80
[2, 1, 2, 76]
81
[0, 2, 2, 76]
80
[1, 2, 2, 76]
81
[2, 2, 2, 76]
82
[0, 0, 0, 77]
77
[1, 0, 0, 77]
78
[2, 0, 0, 77]
79
[0, 1, 0, 77]
78
[1, 1, 0, 77]
79
[2, 1, 0, 77]
80
[0, 2, 0, 77]
79
[1, 2, 0, 77]
80
[2, 2, 0, 77]
81
[0, 0, 1, 77]
78
[1, 0, 1, 77]
79
[2, 0, 1, 77]
80
[0, 1, 1, 77]
79
[1, 1, 1, 77]
80
[2, 1, 1, 77]
81
[0, 2, 1, 77]
80
[1, 2, 1, 77]
81
[2, 2, 1, 77]
82
[0, 0, 2, 77]
79
[1, 0, 2, 77]
80
[2, 0, 2, 77]
81
[0, 1, 2, 77]
80
[1, 1, 2, 77]
81
[2, 1, 2, 77]
82
[0, 2, 2, 77]
81
[1, 2, 2, 77]
82
[2, 2, 2, 77]
83
[0, 0, 0, 78]
78
[1, 0, 0, 78]
79
[2, 0, 0, 78]
80
[0, 1, 0, 78]
79
[1, 1, 0, 78]
80
[2, 1, 0, 78]
81
[0, 2, 0, 78]
80
[1, 2, 0, 78]
81
[2, 2, 0, 78]
82
[0, 0, 1, 78]
79
[1, 0, 1, 78]
80
[2, 0, 1, 78]
81
[0, 1, 1, 78]
80
[1, 1, 1, 78]
81
[2, 1, 1, 78]
82
[0, 2, 1, 78]
81
[1, 2, 1, 78]
82
[2, 2, 1, 78]
83
[0, 0, 2, 78]
80
[1, 0, 2, 78]
81
[2, 0, 2, 78]
82
[0, 1, 2, 78]
81
[1, 1, 2, 78]
82
[2, 1, 2, 78]
83
[0, 2, 2, 78]
82
[1, 2, 2, 78]
83
[2, 2, 2, 78]
84
[0, 0, 0, 79]
79
[1, 0, 0, 79]
80
[2, 0, 0, 79]
81
[0, 1, 0, 79]
80
[1, 1, 0, 79]
81
[2, 1, 0, 79]
82
[0, 2, 0, 79]
81
[1, 2, 0, 79]
82
[2, 2, 0, 79]
83
[0, 0, 1, 79]
80
[1, 0, 1, 79]
81
[2, 0, 1, 79]
82
[0, 1, 1, 79]
81
[1, 1, 1, 79]
82
[2, 1, 1, 79]
83
[0, 2, 1, 79]
82
[1, 2, 1, 79]
83
[2, 2, 1, 79]
84
[0, 0, 2, 79]
81
[1, 0, 2, 79]
82
[2, 0, 2, 79]
83
[0, 1, 2, 79]
82
[1, 1, 2, 79]
83
[2, 1, 2, 79]
84
[0, 2, 2, 79]
83
[1, 2, 2, 79]
84
[2, 2, 2, 79]
85
[0, 0, 0, 80]
80
[1, 0, 0, 80]
81
[2, 0, 0, 80]
82
[0, 1, 0, 80]
81
[1, 1, 0, 80]
82
[2, 1, 0, 80]
83
[0, 2, 0, 80]
82
[1, 2, 0, 80]
83
[2, 2, 0, 80]
84
[0, 0, 1, 80]
81
[1, 0, 1, 80]
82
[2, 0, 1, 80]
83
[0, 1, 1, 80]
82
[1, 1, 1, 80]
83
[2, 1, 1, 80]
84
[0, 2, 1, 80]
83
[1, 2, 1, 80]
84
[2, 2, 1, 80]
85
[0, 0, 2, 80]
82
[1, 0, 2, 80]
83
[2, 0, 2, 80]
84
[0, 1, 2, 80]
83
[1, 1, 2, 80]
84
[2, 1, 2, 80]
85
[0, 2, 2, 80]
84
[1, 2, 2, 80]
85
[2, 2, 2, 80]
86
[0, 0, 0, 81]
81
[1, 0, 0, 81]
82
[2, 0, 0, 81]
83
[0, 1, 0, 81]
82
[1, 1, 0, 81]
83
[2, 1, 0, 81]
84
[0, 2, 0, 81]
83
[1, 2, 0, 81]
84
[2, 2, 0, 81]
85
[0, 0, 1, 81]
82
[1, 0, 1, 81]
83
[2, 0, 1, 81]
84
[0, 1, 1, 81]
83
