[1, 3, 9, 27]
2000
[1, 3, 9, 27]
2001
[1, 3, 9, 27]
2002
[1, 3, 9, 27]
2003
[1, 3, 9, 27]
2004
[1, 3, 9, 27]
2005
[1, 3, 9, 27]
2006
[1, 3, 9, 27]
2007
[1, 3, 9, 27]
2008
[1, 3, 9, 27]
2009
[1, 3, 9, 27]
2010
[1, 3, 9, 27]
2011
[1, 3, 9, 27]
2012
[1, 3, 9, 27]
2013
[1, 3, 9, 27]
2014
[1, 3, 9, 27]
2015
[1, 3, 9, 27]
2016
[1, 3, 9, 27]
2017
[1, 3, 9, 27]
2018
[1, 3, 9, 27]
2019
[1, 3, 9, 27]
2020
[1, 3, 9, 27]
2021
[1, 3, 9, 27]
2022
[1, 3, 9, 27]
2023
[1, 3, 9, 27]
2024
[1, 3, 9, 27]
2025
[1, 3, 9, 27]
2026
[1, 3, 9, 27]
2027
[1, 3, 9, 27]
2028
[1, 3, 9, 27]
2029
[1, 3, 9, 27]
2030
[1, 3, 9, 27]
2031
[1, 3, 9, 27]
2032
[1, 3, 9, 27]
2033
[1, 3, 9, 27]
2034
[1, 3, 9, 27]
2035
[1, 3, 9, 27]
2036
[1, 3, 9, 27]
2037
[1, 3, 9, 27]
2038
[1, 3, 9, 27]
2039
[1, 3, 9, 27]
2040
[1, 3, 9, 27]
2041
[1, 3, 9, 27]
2042
[1, 3, 9, 27]
2043
[1, 3, 9, 27]
2044
[1, 3, 9, 27]
2045
[1, 3, 9, 27]
2046
[1, 3, 9, 27]
2047
[1, 3, 9, 27]
2048
[1, 3, 9, 27]
2049
[1, 3, 9, 27]
2050
[1, 3, 9, 27]
2051
[1, 3, 9, 27]
2052
[1, 3, 9, 27]
2053
[1, 3, 9, 27]
2054
[1, 3, 9, 27]
2055
[1, 3, 9, 27]
2056
[1, 3, 9, 27]
2057
[1, 3, 9, 27]
2058
[1, 3, 9, 27]
2059
[1, 3, 9, 27]
2060
[1, 3, 9, 27]
2061
[1, 3, 9, 27]
2062
[1, 3, 9, 27]
2063
[1, 3, 9, 27]
2064
[1, 3, 9, 27]
2065
[1, 3, 9, 27]
2066
[1, 3, 9, 27]
2067
[1, 3, 9, 27]
2068
[1, 3, 9, 27]
2069
[1, 3, 9, 27]
2070
[1, 3, 9, 27]
2071
[1, 3, 9, 27]
2072
[1, 3, 9, 27]
2073
[1, 3, 9, 27]
2074
[1, 3, 9, 27]
2075
[1, 3, 9, 27]
2076
[1, 3, 9, 27]
2077
[1, 3, 9, 27]
2078
[1, 3, 9, 27]
2079
[1, 3, 9, 27]
2080
[1, 3, 9, 27]
2081
[1, 3, 9, 27]
2082
[1, 3, 9, 27]
2083
[1, 3, 9, 27]
2084
[1, 3, 9, 27]
2085
[1, 3, 9, 27]
2086
[1, 3, 9, 27]
2087
[1, 3, 9, 27]
2088
[1, 3, 9, 27]
2089
[1, 3, 9, 27]
2090
[1, 3, 9, 27]
2091
[1, 3, 9, 27]
2092
[1, 3, 9, 27]
2093
[1, 3, 9, 27]
2094
[1, 3, 9, 27]
2095
[1, 3, 9, 27]
2096
[1, 3, 9, 27]
2097
[1, 3, 9, 27]
2098
[1, 3, 9, 27]
2099
[1, 3, 9, 27]
2100
[1, 3, 9, 27]
2101
[1, 3, 9, 27]
2102
[1, 3, 9, 27]
2103
[1, 3, 9, 27]
2104
[1, 3, 9, 27]
2105
[1, 3, 9, 27]
2106
[1, 3, 9, 27]
2107
[1, 3, 9, 27]
2108
[1, 3, 9, 27]
2109
[1, 3, 9, 27]
2110
[1, 3, 9, 27]
2111
[1, 3, 9, 27]
2112
[1, 3, 9, 27]
2113
[1, 3, 9, 27]
2114
[1, 3, 9, 27]
2115
[1, 3, 9, 27]
2116
[1, 3, 9, 27]
2117
[1, 3, 9, 27]
2118
[1, 3, 9, 27]
2119
[1, 3, 9, 27]
2120
[1, 3, 9, 27]
2121
[1, 3, 9, 27]
2122
[1, 3, 9, 27]
2123
[1, 3, 9, 27]
2124
[1, 3, 9, 27]
2125
[1, 3, 9, 27]
2126
[1, 3, 9, 27]
2127
[1, 3, 9, 27]
2128
[1, 3, 9, 27]
2129
[1, 3, 9, 27]
2130
[1, 3, 9, 27]
2131
[1, 3, 9, 27]
2132
[1, 3, 9, 27]
2133
[1, 3, 9, 27]
2134
[1, 3, 9, 27]
2135
[1, 3, 9, 27]
2136
[1, 3, 9, 27]
2137
[1, 3, 9, 27]
2138
[1, 3, 9, 27]
2139
[1, 3, 9, 27]
2140
[1, 3, 9, 27]
2141
[1, 3, 9, 27]
2142
[1, 3, 9, 27]
2143
[1, 3, 9, 27]
2144
[1, 3, 9, 27]
2145
[1, 3, 9, 27]
2146
[1, 3, 9, 27]
2147
[1, 3, 9, 27]
2148
[1, 3, 9, 27]
2149
[1, 3, 9, 27]
2150
[1, 3, 9, 27]
2151
[1, 3, 9, 27]
2152
[1, 3, 9, 27]
2153
[1, 3, 9, 27]
2154
[1, 3, 9, 27]
2155
[1, 3, 9, 27]
2156
[1, 3, 9, 27]
2157
[1, 3, 9, 27]
2158
[1, 3, 9, 27]
2159
[1, 3, 9, 27]
2160
[1, 3, 9, 27]
2161
[1, 3, 9, 27]
2162
[1, 3, 9, 27]
2163
[1, 3, 9, 27]
2164
[1, 3, 9, 27]
2165
[1, 3, 9, 27]
2166
[1, 3, 9, 27]
2167
[1, 3, 9, 27]
2168
[1, 3, 9, 27]
2169
[1, 3, 9, 27]
2170
[1, 3, 9, 27]
2171
[1, 3, 9, 27]
2172
[1, 3, 9, 27]
2173
[1, 3, 9, 27]
2174
[1, 3, 9, 27]
2175
[1, 3, 9, 27]
2176
[1, 3, 9, 27]
2177
[1, 3, 9, 27]
2178
[1, 3, 9, 27]
2179
[1, 3, 9, 27]
2180
[1, 3, 9, 27]
2181
[1, 3, 9, 27]
2182
[1, 3, 9, 27]
2183
[1, 3, 9, 27]
2184
[1, 3, 9, 27]
2185
[1, 3, 9, 27]
2186
[1, 3, 9, 27]
2187
[1, 3, 9, 27]
2188
[1, 3, 9, 27]
2189
[1, 3, 9, 27]
2190
[1, 3, 9, 27]
2191
[1, 3, 9, 27]
2192
[1, 3, 9, 27]
2193
[1, 3, 9, 27]
2194
[1, 3, 9, 27]
2195
[1, 3, 9, 27]
2196
[1, 3, 9, 27]
2197
[1, 3, 9, 27]
2198
[1, 3, 9, 27]
2199
