[1, 6, 13, 37, 150]
1
[1, 6, 13, 37, 150]
2
[1, 6, 13, 37, 150]
3
[1, 6, 13, 37, 150]
4
[1, 6, 13, 37, 150]
5
[1, 6, 13, 37, 150]
6
[1, 6, 13, 37, 150]
7
[1, 6, 13, 37, 150]
8
[1, 6, 13, 37, 150]
9
[1, 6, 13, 37, 150]
10
[1, 6, 13, 37, 150]
11
[1, 6, 13, 37, 150]
12
[1, 6, 13, 37, 150]
13
[1, 6, 13, 37, 150]
14
[1, 6, 13, 37, 150]
15
[1, 6, 13, 37, 150]
16
[1, 6, 13, 37, 150]
17
[1, 6, 13, 37, 150]
18
[1, 6, 13, 37, 150]
19
[1, 6, 13, 37, 150]
20
[1, 6, 13, 37, 150]
21
[1, 6, 13, 37, 150]
22
[1, 6, 13, 37, 150]
23
[1, 6, 13, 37, 150]
24
[1, 6, 13, 37, 150]
25
[1, 6, 13, 37, 150]
26
[1, 6, 13, 37, 150]
27
[1, 6, 13, 37, 150]
28
[1, 6, 13, 37, 150]
29
[1, 6, 13, 37, 150]
30
[1, 6, 13, 37, 150]
31
[1, 6, 13, 37, 150]
32
[1, 6, 13, 37, 150]
33
[1, 6, 13, 37, 150]
34
[1, 6, 13, 37, 150]
35
[1, 6, 13, 37, 150]
36
[1, 6, 13, 37, 150]
37
[1, 6, 13, 37, 150]
38
[1, 6, 13, 37, 150]
39
[1, 6, 13, 37, 150]
40
